file,query,answer
star_structure_007.graphml,"Which appliance is best for baking bread and dough on sheet pans, especially when working with tiles?","""OVEN"""
star_structure_009.graphml,Which Cooking Utensil is commonly used by artisan bakers for bread-making with a double-steaming technique and baking parchment?,"""BAKING STONE"""
star_structure_001.graphml,"Which cooking method is used for bread, dough, water, and silpat?","""BAKING"""
star_structure_005.graphml,"Which Oil is best for use with a COOKING THERMOMETER, WIRE SKIMMER, SANDWICH LOAVES, and BOULE?","""VEGETABLE OIL"""
star_structure_011.graphml,"Which Food Preparation involves using an OVEN, scoring, a BAKING STONE, and shaping?","""BREAD-MAKING"""
star_structure_012.graphml,"Which ""Measure"" is used for melting dark chocolate in a stainless-steel bowl with bread?","""TEMPERATURE"""
star_structure_008.graphml,"Which Food ingredient is commonly used in both French bread and English muffins, often baked in an oven?","""DOUGH"""
star_structure_013.graphml,"Which ""Food"" is a filling component that includes confectioners' sugar, ganache, and raspberry?","""MACARONS"""
star_structure_014.graphml,Which Food ingredient is commonly used in both French bread and bread?,"""FLOUR"""
star_structure_021.graphml,"Which Bakery Product involves the processes of PROOFING, PRIMARY FERMENTATION, DIVIDING, and ROUNDING?","""BREAD DOUGH"""
star_structure_006.graphml,Which Sweetener is commonly used in LIGHT WHEAT BREAD dough to enhance酵母 activity and reduce STARCH content?,"""SUGAR"""
star_structure_010.graphml,"Which ""Food"" is essential for cooking, often used alongside WATER, SALT, and INSTANT YEAST, and belongs to the CATEGORY of dry ingredients?","""FOCACCIA"""
star_structure_022.graphml,"Which Date is featured with FOIE GRAS, DARK CHOCOLATE BRANCHES, NEST, and DUCK LIVER PÂTÉ?","""BIRTH"""
star_structure_023.graphml,"Which Cook is known for preparing HOLIDAY STAFF MEALS at Atelier Crenn, often using a Double Boiler technique, and is influenced by Kir Breton?","""CHEF"""
star_structure_024.graphml,"Which BREAD is made with WHOLE-WHEAT FLOUR and HIGH-GLUTEN FLOUR, often spread with BUTTER and seasoned with SALT?","""LIGHT WHEAT BREAD"""
star_structure_016.graphml,Which Liquid is commonly used in baking light wheat bread and French bread?,"""WATER"""
star_structure_025.graphml,"Which Bread contains CARAWAY SEEDS, BUTTERMILK, SALT, and INSTANT YEAST?","""NEW YORK DELI RYE"""
star_structure_004.graphml,"Which Wine Maker uses FIREBOX, STONE HEARTH, TEA, and BREAD-DOUGH CHANDELIER in their creation process?","""POILÂNE"""
star_structure_017.graphml,"Which Microorganism is associated with GLUTATHIONE, FLOUR, SUGAR, and BARM?","""YEAST"""
star_structure_002.graphml,"Which process involves FRESH YEAST, INSTANT YEAST, and AMYLASE ENZYMES?","""FERMENTATION"""
star_structure_019.graphml,"Which Medication is most similar to CREMODAN, ICE CREAM, SEVAROME, or SORBET?","""STABILIZER SYRUP"""
star_structure_015.graphml,"Which Bread is made primarily with SEMOLINA, PÂTE FERMENTÉE, WATER, and YEAST?","""FRENCH BREAD"""
star_structure_029.graphml,"Which Bread is often made by an Artisan Baker with ingredients like Poolish, onions, and roasted garlic?","""WILD-YEAST BREAD"""
star_structure_020.graphml,"Which Person is associated with THE SEA, the CALIFORNIA COAST, ATELIER CRENN, and a HONEY DESSERT?","""JUAN"""
star_structure_027.graphml,"Which Yeast is commonly used in making WILD-YEAST BREAD and BIGA, similar to ARTOS?","""POOLISH"""
star_structure_028.graphml,"Which Dough is made with BIGA, UNBLEACHED ALL-PURPOSE FLOUR, UNBLEACHED BREAD FLOUR, and a STAND MIXER?","""PÂTE FERMENTÉE"""
star_structure_041.graphml,Which condiment is commonly used in Asian cuisine?,"""MUSHROOM-SOY DRESSING"""
star_structure_030.graphml,Which Bread is often used as a food item during ROSH HASHANAH and is considered a European celebratory loaf?,"""CHALLAH"""
star_structure_033.graphml,"Which ""mythological figure"" is associated with molasses, water, soaker, and poolish?","""ARTOS"""
star_structure_038.graphml,Which Chef in Philadelphia is known for making PANE SICILIANO and CIABATTA AL FUNGHI?,"""COOK"""
star_structure_037.graphml,"Which Architectural style is characterized by the use of VEGETABLE OIL, PROOFING, AUVERGNAT (CAP), and BREAD?","""BOULE"""
star_structure_031.graphml,"Which Food is often baked in an OVEN and involves rolling out DOUGH, similar to what might be found at a BEARD HOUSE?","""BREAD"""
star_structure_034.graphml,"Which Flour is commonly used in making FOOD, often combined with SALT, DIASTATIC MALT POWDER, or PÂTE FERMENTÉE?","""BREAD FLOUR"""
star_structure_036.graphml,"Which Baking ingredient is commonly used in LIGHT WHEAT BREAD, FOCACCIA, NEW YORK DELI RYE, and requires WATER?","""INSTANT YEAST"""
star_structure_042.graphml,"Which Food item is made with bread flour and is known for sustainability, like lavash or challah?","""FOOD"""
star_structure_003.graphml,"which Art Studio is known for its use of FOOD, XANTHAN GUM, and contributions from BILL MOLLISON and SUZETTE GRESHAM?","""ATELIER CRENN"""
star_structure_035.graphml,"Which Mineral is commonly found in DOUGH, FLOUR, NEW YORK DELI RYE, and LIGHT WHEAT BREAD?","""SALT"""
star_structure_039.graphml,Which Bread should be baked on a WIRE RACK at 180°F using VEGETABLE OIL and topped with POPPY SEEDS?,"""SANDWICH LOAVES"""
star_structure_018.graphml,"Which Ingredient is used in making BREAD, DOUGH, and passes the WINDOWPANE TEST, often found in PISTOLET (TORPEDO ROLL OR HOAGUE)?","""GLUTEN"""
star_structure_040.graphml,"Which Concept relates to FOOD, PERMACULTURE, FARMERS' MARKET, and INDUSTRIALLY PRODUCED CALORIES?","""SUSTAINABILITY"""
star_structure_026.graphml,"Which Food has the highest TOTAL PERCENTAGE (TP), INGREDIENT PERCENTAGE (IP), GRANULATED SUGAR, and TOTAL FLOUR WEIGHT (TFW)?","""PULLMAN BREAD"""
star_structure_043.graphml,"Which Cooking tool or ingredient, such as a FINE-MESH STRAINER, IMMERSION BLENDER, LOW ACYL GELLAN, or SIMPLE SYRUP, is most effective for achieving a smooth texture?","""FOOD PREPARATION"""
star_structure_032.graphml,"Which Seed culture involves using DARK RYE FLOUR, UNBLEACHED HIGH-GLUTEN FLOUR, and UNBLEACHED BREAD with an ENTITY and MEASURING BEAKER?","""SEED CULTURE"""
